timestamps:
  login: 1363058582000
  logout: 1363063451447
  lastteleport: 1363060546800
ipAddress: 67.171.67.11
lastlocation:
  world: world
  x: 255.69229702206445
  y: 64.0
  z: 546.4872101073271
  yaw: 299.59143
  pitch: 17.399994
