timestamps:
  login: 1362902885939
ipAddress: 10.0.0.8
lastlocation:
  world: world
  x: 238.30000001192093
  y: 61.0
  z: 201.2564359232309
  yaw: 248.25003
  pitch: -77.999985
