timestamps:
  login: 1363059716897
  logout: 1363064601610
  lastteleport: 1363061010681
ipAddress: 67.171.67.11
lastlocation:
  world: world
  x: 317.69999998807907
  y: 8.0
  z: 533.9003019380837
  yaw: 288.14087
  pitch: 7.2
